gi_9626243_ref_NC_001416.1_
321 512
1019 1073
2473 2851
3274 3811
3966 4015
5157 5377
5701 5831
7682 8388
8896 9100
9505 9567
10147 10211
10343 10413
11318 11414
12640 12861
16041 16180
16624 16679
17458 18130
18487 18646
18947 19004
20461 20583
21374 21679
22384 22455
24209 24588
24826 24904
25200 25424
27901 29215
29782 29854
30418 30503
32245 32556
33253 33372
33673 33743
34456 34552
35431 35604
36700 37237
38077 38143
38444 38760
41081 41214
41829 41991
42201 42261
42604 43125
43426 43570
44118 44377
44678 44768
45272 45800
46645 47142
48020 48162
