gi_9626243_ref_NC_001416.1_
1 3471
3685 3827
4567 4659
6115 6364
7106 7158
7228 7340
8656 8792
8859 8916
9262 9369
9510 9659
10047 10121
10485 10652
10958 11008
11273 11379
11678 11808
12238 12338
13520 13612
13712 14075
15443 15554
15630 15933
16018 16148
16706 16766
16917 17250
17326 17405
17604 17994
18464 18616
18711 18784
18988 19114
19457 19786
19880 20043
20147 20278
20416 20472
20827 20970
21047 21230
21533 21635
22070 22157
22365 22488
22915 23014
23264 23322
23468 23555
23627 23794
24092 24343
24663 24728
24824 24948
25191 25382
25681 25825
26467 26516
26748 26871
26939 27031
27475 27538
27679 27755
27958 28063
28223 28633
28795 28922
29028 29154
29225 29330
29464 29518
30066 30319
30565 31006
31109 31274
31340 31436
31860 31924
32297 32411
32480 32564
33241 33301
33982 34049
34118 34175
34494 34555
34657 34713
34822 46579
46923 48576
